start=1646.200000
pause=yes
volume=130.000000
fullscreen=yes
brightness=2
contrast=1
panscan=0.600000
sub-pos=97
