start=257.299000
video-aspect-override=1.777778
