start=1608.240000
fullscreen=yes
panscan=1.000000
