start=2160.004244
fullscreen=yes
panscan=1.000000
